18
1.7044 3.6651 11
1.6726 4.6705 10
1.4597 4.194 10
1.9761 4.1965 10
2.1897 3.1463 11
1.8348 4.1139 10
1.7501 4.3428 10
1.982 3.6816 11
1.9126 3.4987 11
1.5214 3.9072 10
2.6463 3.473 11
2.2205 3.9642 11
2.6405 4.1396 11
1.7511 4.6866 10
1.4406 4.0899 10
2.4038 3.729 11
2.0206 4.8171 10
1.6219 4.4126 10
1.9554 4.1154 10
0.9956 4.3358 10
2.542 3.746 11
1.5094 4.4282 10
1.6558 4.1343 10
2.6697 4.3125 10
1.5454 3.4763 11
1.7936 4.7678 10
1.7469 4.2172 10
2.8099 3.0414 11
2.0405 4.235 10
1.4595 4.6372 10
1.4377 4.3193 10
2.8678 4.6904 10
2.9687 4.6599 10
2.8175 3.5453 11
1.372 2.8472 11
1.8932 4.8944 10
1.9005 4.1954 10
2.1537 4.0102 11
1.7138 3.797 11
1.5112 3.2326 11
1.7766 4.1107 10
2.541 3.3128 11
3.1863 3.5804 11
2.1146 3.8957 11
1.8667 4.378 10
2.3508 4.1879 10
1.7562 3.3273 11
2.9312 4.7409 10
2.5534 4.0164 11
1.3862 4.9352 10
1.7044 9.6651 9
1.6726 10.6705 9
1.4597 10.194 9
1.9761 10.1965 9
2.1897 9.1463 9
1.8348 10.1139 9
1.7501 10.3428 9
1.982 9.6816 9
1.9126 9.4987 9
1.5214 9.9072 9
2.6463 9.473 9
2.2205 9.9642 9
2.6405 10.1396 9
1.7511 10.6866 9
1.4406 10.0899 9
2.4038 9.729 9
2.0206 10.8171 9
1.6219 10.4126 9
1.9554 10.1154 9
0.9956 10.3358 9
2.542 9.746 9
1.5094 10.4282 9
1.6558 10.1343 9
2.6697 10.3125 9
1.5454 9.4763 9
1.7936 10.7678 9
1.7469 10.2172 9
2.8099 9.0414 9
2.0405 10.235 9
1.4595 10.6372 9
1.4377 10.3193 9
2.8678 10.6904 9
2.9687 10.6599 9
2.8175 9.5453 9
1.372 8.8472 9
1.8932 10.8944 9
1.9005 10.1954 9
2.1537 10.0102 9
1.7138 9.797 9
1.5112 9.2326 9
1.7766 10.1107 9
2.541 9.3128 9
3.1863 9.5804 9
2.1146 9.8957 9
1.8667 10.378 9
2.3508 10.1879 9
1.7562 9.3273 9
2.9312 10.7409 9
2.5534 10.0164 9
1.3862 10.9352 9
7.3955 9.7069 6
7.6087 10.7687 6
7.6164 10.07 6
7.9464 9.0686 6
7.5115 9.7729 6
7.518 9.674 6
6.8104 10.0517 6
7.5809 9.8897 6
8.1287 9.8605 6
7.9081 9.6332 6
7.9162 9.9677 6
7.9415 9.278 6
8.0842 10.3062 6
7.7494 9.3382 6
7.6475 9.6692 6
8.2541 9.9269 6
7.7895 10.124 6
8.1146 9.9617 6
7.5203 10.8691 6
7.927 10.811 6
8.3723 10.3132 6
7.5548 10.0459 6
8.0695 9.5962 6
7.8819 9.7693 6
7.9623 9.297 6
7.8207 9.8127 6
6.9612 9.7645 6
7.9282 10.8756 6
8.6967 10.3766 6
8.3259 10.0325 6
7.8114 9.8536 6
7.6693 10.0414 6
8.1245 10.3831 6
7.8082 11.1184 6
7.7358 10.1634 6
8.0277 10.4317 6
8.6269 10.3397 6
6.74 10.2774 6
8.2924 10.5008 6
7.496 10.6297 6
8.4721 10.0221 6
6.788 9.8429 6
7.8881 10.1134 6
8.029 10.4983 6
7.7877 10.608 6
7.8985 9.7286 6
7.2435 10.4561 6
7.4368 9.9139 6
7.5925 9.832 6
8.1833 10.2707 6
7.3955 3.7069 8
7.6087 4.7687 8
7.6164 4.07 8
7.9464 3.0686 8
7.5115 3.7729 8
7.518 3.674 8
6.8104 4.0517 8
7.5809 3.8897 8
8.1287 3.8605 8
7.9081 3.6332 8
7.9162 3.9677 8
7.9415 3.278 8
8.0842 4.3062 8
7.7494 3.3382 8
7.6475 3.6692 8
8.2541 3.9269 8
7.7895 4.124 8
8.1146 3.9617 8
7.5203 4.8691 8
7.927 4.811 8
8.3723 4.3132 8
7.5548 4.0459 8
8.0695 3.5962 8
7.8819 3.7693 8
7.9623 3.297 8
7.8207 3.8127 8
6.9612 3.7645 8
7.9282 4.8756 8
8.6967 4.3766 8
8.3259 4.0325 8
7.8114 3.8536 8
7.6693 4.0414 8
8.1245 4.3831 8
7.8082 5.1184 8
7.7358 4.1634 8
8.0277 4.4317 8
8.6269 4.3397 8
6.74 4.2774 8
8.2924 4.5008 8
7.496 4.6297 8
8.4721 4.0221 8
6.788 3.8429 8
7.8881 4.1134 8
8.029 4.4983 8
7.7877 4.608 8
7.8985 3.7286 8
7.2435 4.4561 8
7.4368 3.9139 8
7.5925 3.832 8
8.1833 4.2707 8
12.3955 9.7069 6
12.6087 10.7687 6
12.6164 10.07 6
12.9464 9.0686 6
12.5115 9.7729 6
12.518 9.674 6
11.8104 10.0517 6
12.5809 9.8897 6
13.1287 9.8605 6
12.9081 9.6332 6
12.9162 9.9677 6
12.9415 9.278 6
13.0842 10.3062 6
12.7494 9.3382 6
12.6475 9.6692 6
13.2541 9.9269 6
12.7895 10.124 6
13.1146 9.9617 6
12.5203 10.8691 6
12.927 10.811 6
13.3723 10.3132 6
12.5548 10.0459 6
13.0695 9.5962 6
12.8819 9.7693 6
12.9623 9.297 6
12.8207 9.8127 6
11.9612 9.7645 6
12.9282 10.8756 6
13.6967 10.3766 6
13.3259 10.0325 6
12.8114 9.8536 6
12.6693 10.0414 6
13.1245 10.3831 6
12.8082 11.1184 6
12.7358 10.1634 6
13.0277 10.4317 6
13.6269 10.3397 6
11.74 10.2774 6
13.2924 10.5008 6
12.496 10.6297 6
13.4721 10.0221 6
11.788 9.8429 6
12.8881 10.1134 6
13.029 10.4983 6
12.7877 10.608 6
12.8985 9.7286 6
12.2435 10.4561 6
12.4368 9.9139 6
12.5925 9.832 6
13.1833 10.2707 6
12.3955 3.7069 7
12.6087 4.7687 7
12.6164 4.07 7
12.9464 3.0686 7
12.5115 3.7729 7
12.518 3.674 7
11.8104 4.0517 7
12.5809 3.8897 7
13.1287 3.8605 7
12.9081 3.6332 7
12.9162 3.9677 7
12.9415 3.278 7
13.0842 4.3062 7
12.7494 3.3382 7
12.6475 3.6692 7
13.2541 3.9269 7
12.7895 4.124 7
13.1146 3.9617 7
12.5203 4.8691 7
12.927 4.811 7
13.3723 4.3132 7
12.5548 4.0459 7
13.0695 3.5962 7
12.8819 3.7693 7
12.9623 3.297 7
12.8207 3.8127 7
11.9612 3.7645 7
12.9282 4.8756 7
13.6967 4.3766 7
13.3259 4.0325 7
12.8114 3.8536 7
12.6693 4.0414 7
13.1245 4.3831 7
12.8082 5.1184 7
12.7358 4.1634 7
13.0277 4.4317 7
13.6269 4.3397 7
11.74 4.2774 7
13.2924 4.5008 7
12.496 4.6297 7
13.4721 4.0221 7
11.788 3.8429 7
12.8881 4.1134 7
13.029 4.4983 7
12.7877 4.608 7
12.8985 3.7286 7
12.2435 4.4561 7
12.4368 3.9139 7
12.5925 3.832 7
13.1833 4.2707 7
17.3955 9.7069 12
17.6087 10.7687 13
17.6164 10.07 12
17.9464 9.0686 12
17.5115 9.7729 12
17.518 9.674 12
16.8104 10.0517 13
17.5809 9.8897 12
18.1287 9.8605 12
17.9081 9.6332 12
17.9162 9.9677 12
17.9415 9.278 12
18.0842 10.3062 12
17.7494 9.3382 12
17.6475 9.6692 12
18.2541 9.9269 12
17.7895 10.124 12
18.1146 9.9617 12
17.5203 10.8691 13
17.927 10.811 13
18.3723 10.3132 12
17.5548 10.0459 12
18.0695 9.5962 12
17.8819 9.7693 12
17.9623 9.297 12
17.8207 9.8127 12
16.9612 9.7645 13
17.9282 10.8756 13
18.6967 10.3766 12
18.3259 10.0325 12
17.8114 9.8536 12
17.6693 10.0414 12
18.1245 10.3831 12
17.8082 11.1184 13
17.7358 10.1634 12
18.0277 10.4317 12
18.6269 10.3397 12
16.74 10.2774 13
18.2924 10.5008 12
17.496 10.6297 13
18.4721 10.0221 12
16.788 9.8429 13
17.8881 10.1134 12
18.029 10.4983 12
17.7877 10.608 13
17.8985 9.7286 12
17.2435 10.4561 13
17.4368 9.9139 12
17.5925 9.832 12
18.1833 10.2707 12
17.3955 3.7069 14
17.6087 4.7687 14
17.6164 4.07 14
17.9464 3.0686 14
17.5115 3.7729 14
17.518 3.674 14
16.8104 4.0517 14
17.5809 3.8897 14
18.1287 3.8605 14
17.9081 3.6332 14
17.9162 3.9677 14
17.9415 3.278 14
18.0842 4.3062 14
17.7494 3.3382 14
17.6475 3.6692 14
18.2541 3.9269 14
17.7895 4.124 14
18.1146 3.9617 14
17.5203 4.8691 14
17.927 4.811 14
18.3723 4.3132 14
17.5548 4.0459 14
18.0695 3.5962 14
17.8819 3.7693 14
17.9623 3.297 14
17.8207 3.8127 14
16.9612 3.7645 14
17.9282 4.8756 14
18.6967 4.3766 14
18.3259 4.0325 14
17.8114 3.8536 14
17.6693 4.0414 14
18.1245 4.3831 14
17.8082 5.1184 14
17.7358 4.1634 14
18.0277 4.4317 14
18.6269 4.3397 14
16.74 4.2774 14
18.2924 4.5008 14
17.496 4.6297 14
18.4721 4.0221 14
16.788 3.8429 14
17.8881 4.1134 14
18.029 4.4983 14
17.7877 4.608 14
17.8985 3.7286 14
17.2435 4.4561 14
17.4368 3.9139 14
17.5925 3.832 14
18.1833 4.2707 14
22.3955 9.7069 17
22.6087 10.7687 16
22.6164 10.07 17
22.9464 9.0686 17
22.5115 9.7729 17
22.518 9.674 17
21.8104 10.0517 17
22.5809 9.8897 17
23.1287 9.8605 17
22.9081 9.6332 17
22.9162 9.9677 17
22.9415 9.278 17
23.0842 10.3062 16
22.7494 9.3382 17
22.6475 9.6692 17
23.2541 9.9269 16
22.7895 10.124 17
23.1146 9.9617 17
22.5203 10.8691 16
22.927 10.811 16
23.3723 10.3132 16
22.5548 10.0459 17
23.0695 9.5962 17
22.8819 9.7693 17
22.9623 9.297 17
22.8207 9.8127 17
21.9612 9.7645 17
22.9282 10.8756 16
23.6967 10.3766 16
23.3259 10.0325 16
22.8114 9.8536 17
22.6693 10.0414 17
23.1245 10.3831 16
22.8082 11.1184 16
22.7358 10.1634 17
23.0277 10.4317 16
23.6269 10.3397 16
21.74 10.2774 17
23.2924 10.5008 16
22.496 10.6297 16
23.4721 10.0221 16
21.788 9.8429 17
22.8881 10.1134 17
23.029 10.4983 16
22.7877 10.608 16
22.8985 9.7286 17
22.2435 10.4561 17
22.4368 9.9139 17
22.5925 9.832 17
23.1833 10.2707 16
22.3955 3.7069 5
22.6087 4.7687 5
22.6164 4.07 5
22.9464 3.0686 5
22.5115 3.7729 5
22.518 3.674 5
21.8104 4.0517 5
22.5809 3.8897 5
23.1287 3.8605 5
22.9081 3.6332 5
22.9162 3.9677 5
22.9415 3.278 5
23.0842 4.3062 5
22.7494 3.3382 5
22.6475 3.6692 5
23.2541 3.9269 5
22.7895 4.124 5
23.1146 3.9617 5
22.5203 4.8691 5
22.927 4.811 5
23.3723 4.3132 5
22.5548 4.0459 5
23.0695 3.5962 5
22.8819 3.7693 5
22.9623 3.297 5
22.8207 3.8127 5
21.9612 3.7645 5
22.9282 4.8756 5
23.6967 4.3766 5
23.3259 4.0325 5
22.8114 3.8536 5
22.6693 4.0414 5
23.1245 4.3831 5
22.8082 5.1184 5
22.7358 4.1634 5
23.0277 4.4317 5
23.6269 4.3397 5
21.74 4.2774 5
23.2924 4.5008 5
22.496 4.6297 5
23.4721 4.0221 5
21.788 3.8429 5
22.8881 4.1134 5
23.029 4.4983 5
22.7877 4.608 5
22.8985 3.7286 5
22.2435 4.4561 5
22.4368 3.9139 5
22.5925 3.832 5
23.1833 4.2707 5
27.3955 9.7069 15
27.6087 10.7687 15
27.6164 10.07 15
27.9464 9.0686 15
27.5115 9.7729 15
27.518 9.674 15
26.8104 10.0517 15
27.5809 9.8897 15
28.1287 9.8605 15
27.9081 9.6332 15
27.9162 9.9677 15
27.9415 9.278 15
28.0842 10.3062 15
27.7494 9.3382 15
27.6475 9.6692 15
28.2541 9.9269 15
27.7895 10.124 15
28.1146 9.9617 15
27.5203 10.8691 15
27.927 10.811 15
28.3723 10.3132 15
27.5548 10.0459 15
28.0695 9.5962 15
27.8819 9.7693 15
27.9623 9.297 15
27.8207 9.8127 15
26.9612 9.7645 15
27.9282 10.8756 15
28.6967 10.3766 15
28.3259 10.0325 15
27.8114 9.8536 15
27.6693 10.0414 15
28.1245 10.3831 15
27.8082 11.1184 15
27.7358 10.1634 15
28.0277 10.4317 15
28.6269 10.3397 15
26.74 10.2774 15
28.2924 10.5008 15
27.496 10.6297 15
28.4721 10.0221 15
26.788 9.8429 15
27.8881 10.1134 15
28.029 10.4983 15
27.7877 10.608 15
27.8985 9.7286 15
27.2435 10.4561 15
27.4368 9.9139 15
27.5925 9.832 15
28.1833 10.2707 15
27.3955 3.7069 5
27.6087 4.7687 5
27.6164 4.07 5
27.9464 3.0686 5
27.5115 3.7729 5
27.518 3.674 5
26.8104 4.0517 5
27.5809 3.8897 5
28.1287 3.8605 5
27.9081 3.6332 5
27.9162 3.9677 5
27.9415 3.278 5
28.0842 4.3062 5
27.7494 3.3382 5
27.6475 3.6692 5
28.2541 3.9269 5
27.7895 4.124 5
28.1146 3.9617 5
27.5203 4.8691 5
27.927 4.811 5
28.3723 4.3132 5
27.5548 4.0459 5
28.0695 3.5962 5
27.8819 3.7693 5
27.9623 3.297 5
27.8207 3.8127 5
26.9612 3.7645 5
27.9282 4.8756 5
28.6967 4.3766 5
28.3259 4.0325 5
27.8114 3.8536 5
27.6693 4.0414 5
28.1245 4.3831 5
27.8082 5.1184 5
27.7358 4.1634 5
28.0277 4.4317 5
28.6269 4.3397 5
26.74 4.2774 5
28.2924 4.5008 5
27.496 4.6297 5
28.4721 4.0221 5
26.788 3.8429 5
27.8881 4.1134 5
28.029 4.4983 5
27.7877 4.608 5
27.8985 3.7286 5
27.2435 4.4561 5
27.4368 3.9139 5
27.5925 3.832 5
28.1833 4.2707 5
