114 43 5 1 
114 43 5 1 
114 43 5 1 
114 43 5 1 
114 43 5 1 
114 43 5 1 
114 43 5 1 
114 43 5 1 
114 43 5 1 
114 43 5 1 
114 43 5 1 
114 43 5 1 
114 43 5 1 
114 43 5 1 
114 43 5 1 
117 33 10 3 
117 33 10 3 
117 33 10 3 
117 33 10 3 
117 33 10 3 
117 33 10 3 
117 33 10 3 
117 33 10 3 
117 33 10 3 
117 33 10 3 
117 33 10 3 
117 33 10 3 
117 33 10 3 
117 33 10 3 
117 33 10 3 
117 33 10 3 
117 33 10 3 
117 33 10 3 
117 33 10 3 
117 33 10 3 
117 33 10 3 
117 33 10 3 
117 33 10 3 
117 33 10 3 
117 33 10 3 
117 33 10 3 
117 33 10 3 
117 33 10 3 
117 33 10 3 
117 33 10 3 
104 47 10 2 
104 47 10 2 
104 47 10 2 
104 47 10 2 
104 47 10 2 
104 47 10 2 
104 47 10 2 
104 47 10 2 
104 47 10 2 
104 47 10 2 
104 47 10 2 
104 47 10 2 
104 47 10 2 
104 47 10 2 
104 47 10 2 
104 47 10 2 
104 47 10 2 
104 47 10 2 
104 47 10 2 
104 47 10 2 
104 47 10 2 
104 47 10 2 
104 47 10 2 
104 47 10 2 
104 47 10 2 
104 47 10 2 
104 47 10 2 
104 47 10 2 
104 47 10 2 
104 47 10 2 
107 45 5 6 
107 45 5 6 
107 45 5 6 
107 45 5 6 
107 45 5 6 
107 45 5 6 
107 45 5 6 
107 45 5 6 
107 45 5 6 
107 45 5 6 
107 45 5 6 
107 45 5 6 
107 45 5 6 
107 45 5 6 
107 45 5 6 
107 45 5 6 
107 45 5 6 
107 45 5 6 
107 45 5 6 
107 45 5 6 
107 45 5 6 
107 45 5 6 
107 45 5 6 
107 45 5 6 
107 45 5 6 
98 48 16 1 
98 48 16 1 
98 48 16 1 
98 48 16 1 
98 48 16 1 
98 48 16 1 
98 48 16 1 
98 48 16 1 
98 48 16 1 
98 48 16 1 
98 48 16 1 
98 48 16 1 
98 48 16 1 
98 48 16 1 
98 48 16 1 
98 48 16 1 
98 48 16 1 
98 48 16 1 
98 48 16 1 
98 48 16 1 
98 48 16 1 
98 48 16 1 
98 48 16 1 
98 48 16 1 
98 48 16 1 
112 31 16 4 
112 31 16 4 
112 31 16 4 
112 31 16 4 
112 31 16 4 
112 31 16 4 
112 31 16 4 
112 31 16 4 
112 31 16 4 
112 31 16 4 
112 31 16 4 
112 31 16 4 
112 31 16 4 
112 31 16 4 
112 31 16 4 
112 31 16 4 
112 31 16 4 
112 31 16 4 
112 31 16 4 
112 31 16 4 
112 31 16 4 
112 31 16 4 
112 31 16 4 
112 31 16 4 
112 31 16 4 
112 31 16 4 
112 31 16 4 
112 31 16 4 
112 31 16 4 
112 31 16 4 
112 31 16 4 
112 31 16 4 
112 31 16 4 
112 31 16 4 
108 43 10 2 
108 43 10 2 
108 43 10 2 
108 43 10 2 
108 43 10 2 
108 43 10 2 
108 43 10 2 
108 43 10 2 
108 43 10 2 
108 43 10 2 
108 43 10 2 
108 43 10 2 
108 43 10 2 
108 43 10 2 
108 43 10 2 
108 43 10 2 
108 43 10 2 
108 43 10 2 
108 43 10 2 
108 43 10 2 
108 43 10 2 
108 43 10 2 
108 43 10 2 
108 43 10 2 
108 43 10 2 
108 43 10 2 
108 43 10 2 
108 43 10 2 
108 43 10 2 
108 43 10 2 
108 43 10 2 
108 43 10 2 
108 43 10 2 
108 43 10 2 
97 54 7 5 
97 54 7 5 
97 54 7 5 
97 54 7 5 
97 54 7 5 
97 54 7 5 
97 54 7 5 
114 40 7 2 
114 40 7 2 
114 40 7 2 
114 40 7 2 
114 40 7 2 
114 40 7 2 
107 42 10 4 
107 42 10 4 
107 42 10 4 
107 42 10 4 
107 42 10 4 
107 42 10 4 
107 42 10 4 
107 42 10 4 
107 42 10 4 
107 42 10 4 
107 42 10 4 
107 42 10 4 
111 37 11 4 
111 37 11 4 
111 37 11 4 
111 37 11 4 
111 37 11 4 
111 37 11 4 
111 37 11 4 
111 37 11 4 
111 37 11 4 
111 37 11 4 
111 37 11 4 
111 37 11 4 
109 45 5 4 
109 45 5 4 
109 45 5 4 
109 45 5 4 
109 45 5 4 
109 45 5 4 
109 45 5 4 
109 45 5 4 
109 45 5 4 
109 45 5 4 
109 45 5 4 
103 47 6 7 
103 47 6 7 
103 47 6 7 
103 47 6 7 
103 47 6 7 
103 47 6 7 
103 47 6 7 
103 47 6 7 
103 47 6 7 
103 47 6 7 
103 47 6 7 
103 47 6 7 
104 51 8 0 
104 51 8 0 
104 51 8 0 
104 51 8 0 
104 51 8 0 
104 51 8 0 
104 51 8 0 
104 51 8 0 
104 51 8 0 
104 51 8 0 
104 51 8 0 
104 51 8 0 
107 47 3 6 
107 47 3 6 
107 47 3 6 
107 47 3 6 
107 47 3 6 
107 47 3 6 
107 47 3 6 
107 47 3 6 
107 47 3 6 
107 47 3 6 
107 47 3 6 
107 47 3 6 
113 41 8 1 
113 41 8 1 
113 41 8 1 
113 41 8 1 
113 41 8 1 
113 41 8 1 
113 41 8 1 
113 41 8 1 
113 41 8 1 
113 41 8 1 
113 41 8 1 
113 41 8 1 
107 42 13 1 
107 42 13 1 
107 42 13 1 
107 42 13 1 
107 42 13 1 
107 42 13 1 
107 42 13 1 
107 42 13 1 
115 39 7 2 
115 39 7 2 
115 39 7 2 
108 41 11 3 
101 46 15 1 
101 46 15 1 
101 46 15 1 
101 46 15 1 
101 46 15 1 
101 46 15 1 
105 46 6 6 
105 46 6 6 
105 46 6 6 
105 46 6 6 
105 46 6 6 
105 46 6 6 
105 46 6 6 
105 46 6 6 
105 46 6 6 
105 46 6 6 
105 46 6 6 
105 46 6 6 
105 46 6 6 
105 46 6 6 
104 46 11 2 
104 46 11 2 
104 46 11 2 
104 46 11 2 
104 46 11 2 
104 46 11 2 
104 46 11 2 
104 46 11 2 
104 46 11 2 
104 46 11 2 
104 46 11 2 
104 46 11 2 
104 46 11 2 
104 46 11 2 
104 46 11 2 
104 47 10 2 
104 47 10 2 
104 47 10 2 
104 47 10 2 
104 47 10 2 
104 47 10 2 
104 47 10 2 
104 47 10 2 
104 47 10 2 
104 47 10 2 
104 47 10 2 
104 47 10 2 
104 47 10 2 
99 49 7 8 
99 49 7 8 
99 49 7 8 
99 49 7 8 
99 49 7 8 
99 49 7 8 
99 49 7 8 
99 49 7 8 
99 49 7 8 
99 49 7 8 
99 49 7 8 
99 49 7 8 
99 49 7 8 
99 49 7 8 
107 50 5 1 
107 50 5 1 
107 50 5 1 
107 50 5 1 
107 50 5 1 
107 50 5 1 
107 50 5 1 
107 50 5 1 
107 50 5 1 
107 50 5 1 
107 50 5 1 
107 50 5 1 
107 50 5 1 
113 40 8 2 
113 40 8 2 
113 40 8 2 
113 40 8 2 
113 40 8 2 
113 40 8 2 
113 40 8 2 
113 40 8 2 
113 40 8 2 
113 40 8 2 
113 40 8 2 
113 40 8 2 
113 40 8 2 
113 40 8 2 
115 40 5 3 
115 40 5 3 
115 40 5 3 
115 40 5 3 
115 40 5 3 
115 40 5 3 
115 40 5 3 
115 40 5 3 
115 40 5 3 
115 40 5 3 
105 43 10 5 
105 43 10 5 
108 45 6 4 
108 45 6 4 
108 45 6 4 
108 45 6 4 
108 45 6 4 
108 45 6 4 
108 45 6 4 
108 45 6 4 
108 45 6 4 
108 45 6 4 
108 45 6 4 
108 45 6 4 
108 45 6 4 
119 34 8 2 
119 34 8 2 
119 34 8 2 
119 34 8 2 
119 34 8 2 
119 34 8 2 
119 34 8 2 
119 34 8 2 
119 34 8 2 
119 34 8 2 
119 34 8 2 
119 34 8 2 
119 34 8 2 
107 45 11 0 
107 45 11 0 
107 45 11 0 
107 45 11 0 
107 45 11 0 
107 45 11 0 
107 45 11 0 
107 45 11 0 
107 45 11 0 
107 45 11 0 
107 45 11 0 
107 45 11 0 
107 45 11 0 
105 44 11 3 
105 44 11 3 
105 44 11 3 
105 44 11 3 
105 44 11 3 
105 44 11 3 
105 44 11 3 
105 44 11 3 
105 44 11 3 
105 44 11 3 
105 44 11 3 
105 44 11 3 
105 44 11 3 
105 44 11 3 
116 41 5 1 
116 41 5 1 
116 41 5 1 
116 41 5 1 
116 41 5 1 
116 41 5 1 
116 41 5 1 
116 41 5 1 
116 41 5 1 
116 41 5 1 
116 41 5 1 
116 41 5 1 
116 41 5 1 
116 41 5 1 
103 50 7 3 
103 50 7 3 
103 50 7 3 
103 50 7 3 
103 50 7 3 
103 50 7 3 
103 50 7 3 
103 50 7 3 
103 50 7 3 
103 50 7 3 
103 50 7 3 
103 50 7 3 
103 50 7 3 
103 50 7 3 
111 39 10 3 
111 39 10 3 
111 39 10 3 
111 39 10 3 
111 39 10 3 
111 39 10 3 
111 39 10 3 
111 39 10 3 
111 39 10 3 
111 39 10 3 
111 39 10 3 
111 39 10 3 
111 39 10 3 
111 39 10 3 
108 41 11 3 
108 41 11 3 
108 41 11 3 
112 39 11 1 
106 45 6 6 
106 45 6 6 
106 45 6 6 
106 45 6 6 
106 45 6 6 
106 45 6 6 
106 45 6 6 
106 45 6 6 
106 45 6 6 
106 45 6 6 
106 45 6 6 
107 48 7 1 
107 48 7 1 
107 48 7 1 
107 48 7 1 
107 48 7 1 
107 48 7 1 
107 48 7 1 
107 48 7 1 
107 48 7 1 
107 48 7 1 
107 48 7 1 
107 48 7 1 
107 48 7 1 
100 55 7 1 
100 55 7 1 
100 55 7 1 
100 55 7 1 
100 55 7 1 
100 55 7 1 
100 55 7 1 
100 55 7 1 
100 55 7 1 
100 55 7 1 
100 55 7 1 
100 55 7 1 
100 55 7 1 
100 55 7 1 
108 41 9 5 
108 41 9 5 
108 41 9 5 
108 41 9 5 
108 41 9 5 
108 41 9 5 
108 41 9 5 
108 41 9 5 
108 41 9 5 
108 41 9 5 
108 41 9 5 
108 41 9 5 
108 41 9 5 
108 41 9 5 
108 41 9 5 
117 38 5 3 
117 38 5 3 
117 38 5 3 
117 38 5 3 
117 38 5 3 
117 38 5 3 
117 38 5 3 
117 38 5 3 
117 38 5 3 
117 38 5 3 
117 38 5 3 
117 38 5 3 
117 38 5 3 
117 38 5 3 
106 45 7 5 
106 45 7 5 
106 45 7 5 
106 45 7 5 
106 45 7 5 
106 45 7 5 
106 45 7 5 
106 45 7 5 
106 45 7 5 
106 45 7 5 
106 45 7 5 
106 45 7 5 
106 45 7 5 
106 45 7 5 
101 46 7 9 
101 46 7 9 
101 46 7 9 
101 46 7 9 
101 46 7 9 
101 46 7 9 
101 46 7 9 
101 46 7 9 
101 46 7 9 
101 46 7 9 
101 46 7 9 
101 46 7 9 
101 46 7 9 
101 46 7 9 
104 48 9 2 
104 48 9 2 
104 48 9 2 
104 48 9 2 
